2020-03-01,Alaska,4bf58dd8d48988d118951735,Grocery Stores,106.0,108.0,106.0,1
2020-03-01,Alaska,4bf58dd8d48988d113951735,Gas Stations,99.0,"",100.0,2
2020-03-01,Alaska,52f2ab2ebcbc57f1066b8b42,Big Box Stores,100.0,"",100.0,3
2020-03-01,Alaska,4bf58dd8d48988d16e941735,Fast Food Restaurants,122.0,"",122.0,4
2020-03-01,Alaska,52f2ab2ebcbc57f1066b8b46,Supermarkets,99.0,120.0,98.0,5
2020-03-01,Alaska,4bf58dd8d48988d1fa931735,Hotels,110.0,"",111.0,6
2020-03-01,Alaska,4bf58dd8d48988d1ed931735,Airports,111.0,"",111.0,7
2020-03-01,Alaska,4bf58dd8d48988d1e0931735,Coffee Shops,108.0,"",108.0,8
2020-03-01,Alaska,4bf58dd8d48988d1fd941735,Shopping Malls,99.0,"",99.0,9
2020-03-01,Alaska,4bf58dd8d48988d14e941735,American Restaurants,119.0,"",118.0,10
2020-03-01,Alaska,4bf58dd8d48988d116941735,Bars,113.0,"",114.0,11
2020-03-01,Alaska,4bf58dd8d48988d10f951735,Pharmacies,118.0,"",117.0,12
2020-03-01,Alaska,52e816a6bcbc57f1066b7a54,Warehouse Stores,95.0,"",95.0,13
2020-03-01,Alaska,4bf58dd8d48988d112951735,Hardware Stores,97.0,"",98.0,14
2020-03-01,Alaska,50327c8591d4c4b30a586d5d,Breweries,113.0,"",112.0,15
2020-03-01,Alaska,4bf58dd8d48988d163941735,Parks,98.0,"",99.0,16
2020-03-01,Alaska,4bf58dd8d48988d1c1941735,Mexican Restaurants,133.0,"",133.0,17
2020-03-01,Alaska,4bf58dd8d48988d1ca941735,Pizza Places,102.0,"",102.0,18
2020-03-01,Alaska,4e52adeebd41615f56317744,Military Bases,131.0,"",131.0,19
2020-03-02,Alaska,4bf58dd8d48988d113951735,Gas Stations,118.0,110.0,118.0,1
2020-03-02,Alaska,4bf58dd8d48988d118951735,Grocery Stores,104.0,98.0,104.0,2
2020-03-02,Alaska,4bf58dd8d48988d1fa931735,Hotels,127.0,114.0,127.0,3
2020-03-02,Alaska,4bf58dd8d48988d16e941735,Fast Food Restaurants,102.0,"",103.0,4
2020-03-02,Alaska,4bf58dd8d48988d1ed931735,Airports,96.0,"",96.0,5
2020-03-02,Alaska,52f2ab2ebcbc57f1066b8b42,Big Box Stores,105.0,122.0,104.0,6
2020-03-02,Alaska,4bf58dd8d48988d1e0931735,Coffee Shops,111.0,96.0,112.0,7
2020-03-02,Alaska,52f2ab2ebcbc57f1066b8b46,Supermarkets,93.0,85.0,93.0,8
2020-03-02,Alaska,4bf58dd8d48988d112951735,Hardware Stores,90.0,"",91.0,9
2020-03-02,Alaska,4bf58dd8d48988d177941735,Doctor's Offices,105.0,"",105.0,10
2020-03-02,Alaska,4bf58dd8d48988d1fd941735,Shopping Malls,88.0,"",88.0,11
2020-03-02,Alaska,4bf58dd8d48988d124941735,Offices,111.0,"",111.0,12
2020-03-02,Alaska,4bf58dd8d48988d126941735,Government Buildings,128.0,"",128.0,13
2020-03-02,Alaska,4bf58dd8d48988d196941735,Hospitals,93.0,"",93.0,14
2020-03-02,Alaska,4e52adeebd41615f56317744,Military Bases,106.0,"",107.0,15
2020-03-02,Alaska,4bf58dd8d48988d14e941735,American Restaurants,94.0,"",95.0,16
2020-03-02,Alaska,4bf58dd8d48988d10f951735,Pharmacies,100.0,"",100.0,17
2020-03-02,Alaska,4bf58dd8d48988d124951735,Automotive Shops,106.0,"",105.0,18
2020-03-02,Alaska,4bf58dd8d48988d116941735,Bars,109.0,"",110.0,19
2020-03-02,Alaska,50327c8591d4c4b30a586d5d,Breweries,111.0,"",112.0,20
2020-03-02,Alaska,4bf58dd8d48988d172941735,Post Offices,129.0,"",131.0,21
2020-03-02,Alaska,4bf58dd8d48988d163941735,Parks,103.0,"",104.0,22
2020-03-02,Alaska,52e816a6bcbc57f1066b7a54,Warehouse Stores,106.0,"",109.0,23
2020-03-02,Alaska,4f4533804b9074f6e4fb0105,Elementary Schools,114.0,"",115.0,24
2020-03-02,Alaska,4bf58dd8d48988d176941735,Gyms,103.0,"",104.0,25
2020-03-03,Alaska,4bf58dd8d48988d113951735,Gas Stations,107.0,110.0,106.0,1
2020-03-03,Alaska,4bf58dd8d48988d118951735,Grocery Stores,99.0,95.0,99.0,2
2020-03-03,Alaska,4bf58dd8d48988d1ed931735,Airports,94.0,"",94.0,3
2020-03-03,Alaska,4bf58dd8d48988d1fa931735,Hotels,105.0,"",106.0,4
2020-03-03,Alaska,4bf58dd8d48988d16e941735,Fast Food Restaurants,103.0,135.0,102.0,5
2020-03-03,Alaska,52f2ab2ebcbc57f1066b8b42,Big Box Stores,108.0,113.0,108.0,6
2020-03-03,Alaska,52f2ab2ebcbc57f1066b8b46,Supermarkets,110.0,128.0,109.0,7
2020-03-03,Alaska,4bf58dd8d48988d1e0931735,Coffee Shops,107.0,113.0,107.0,8
2020-03-03,Alaska,4bf58dd8d48988d177941735,Doctor's Offices,113.0,99.0,114.0,9
2020-03-03,Alaska,4bf58dd8d48988d126941735,Government Buildings,121.0,"",121.0,10
2020-03-03,Alaska,4bf58dd8d48988d196941735,Hospitals,108.0,"",109.0,11
2020-03-03,Alaska,4bf58dd8d48988d1fd941735,Shopping Malls,112.0,"",113.0,12
2020-03-03,Alaska,4bf58dd8d48988d112951735,Hardware Stores,103.0,110.0,103.0,13
2020-03-03,Alaska,4bf58dd8d48988d10f951735,Pharmacies,128.0,"",128.0,14
2020-03-03,Alaska,4e52adeebd41615f56317744,Military Bases,108.0,"",109.0,15
2020-03-03,Alaska,4bf58dd8d48988d14e941735,American Restaurants,133.0,"",133.0,16
2020-03-03,Alaska,4bf58dd8d48988d124941735,Offices,113.0,"",113.0,17
2020-03-03,Alaska,4bf58dd8d48988d124951735,Automotive Shops,113.0,"",113.0,18
2020-03-03,Alaska,4f4533804b9074f6e4fb0105,Elementary Schools,102.0,"",102.0,19
2020-03-03,Alaska,52e816a6bcbc57f1066b7a54,Warehouse Stores,145.0,"",148.0,20
2020-03-03,Alaska,4bf58dd8d48988d176941735,Gyms,104.0,"",105.0,21
2020-03-03,Alaska,50327c8591d4c4b30a586d5d,Breweries,117.0,"",118.0,22
2020-03-03,Alaska,4bf58dd8d48988d13d941735,High Schools,110.0,"",110.0,23
2020-03-03,Alaska,4bf58dd8d48988d172941735,Post Offices,107.0,"",108.0,24
2020-03-03,Alaska,4bf58dd8d48988d163941735,Parks,106.0,"",106.0,25
2020-03-03,Alaska,4bf58dd8d48988d116941735,Bars,102.0,"",104.0,26
2020-03-03,Alaska,5032850891d4c4b30a586d62,Credit Unions,123.0,"",122.0,27
2020-03-03,Alaska,4bf58dd8d48988d1c1941735,Mexican Restaurants,112.0,"",111.0,28
2020-03-03,Alaska,4bf58dd8d48988d10a951735,Banks,106.0,"",106.0,29
2020-03-04,Alaska,4bf58dd8d48988d113951735,Gas Stations,101.0,107.0,100.0,1
2020-03-04,Alaska,4bf58dd8d48988d118951735,Grocery Stores,99.0,88.0,100.0,2
2020-03-04,Alaska,4bf58dd8d48988d16e941735,Fast Food Restaurants,109.0,98.0,110.0,3
2020-03-04,Alaska,4bf58dd8d48988d1ed931735,Airports,102.0,106.0,102.0,4
2020-03-04,Alaska,4bf58dd8d48988d1fa931735,Hotels,104.0,100.0,104.0,5
2020-03-04,Alaska,52f2ab2ebcbc57f1066b8b42,Big Box Stores,99.0,110.0,99.0,6
2020-03-04,Alaska,52f2ab2ebcbc57f1066b8b46,Supermarkets,97.0,89.0,98.0,7
2020-03-04,Alaska,4bf58dd8d48988d1e0931735,Coffee Shops,99.0,"",100.0,8
2020-03-04,Alaska,4bf58dd8d48988d196941735,Hospitals,103.0,"",103.0,9
2020-03-04,Alaska,4bf58dd8d48988d177941735,Doctor's Offices,101.0,120.0,100.0,10
2020-03-04,Alaska,4bf58dd8d48988d1fd941735,Shopping Malls,105.0,"",105.0,11
2020-03-04,Alaska,4bf58dd8d48988d112951735,Hardware Stores,106.0,111.0,106.0,12
2020-03-04,Alaska,4bf58dd8d48988d126941735,Government Buildings,100.0,"",100.0,13
2020-03-04,Alaska,4e52adeebd41615f56317744,Military Bases,96.0,"",96.0,14
2020-03-04,Alaska,4bf58dd8d48988d14e941735,American Restaurants,113.0,"",113.0,15
2020-03-04,Alaska,4bf58dd8d48988d124941735,Offices,100.0,"",100.0,16
2020-03-04,Alaska,4bf58dd8d48988d10f951735,Pharmacies,107.0,121.0,107.0,17
2020-03-04,Alaska,4f4533804b9074f6e4fb0105,Elementary Schools,87.0,"",87.0,18
2020-03-04,Alaska,4bf58dd8d48988d124951735,Automotive Shops,101.0,"",102.0,19
2020-03-04,Alaska,4bf58dd8d48988d176941735,Gyms,107.0,"",107.0,20
2020-03-04,Alaska,4bf58dd8d48988d13d941735,High Schools,117.0,"",117.0,21
2020-03-04,Alaska,50327c8591d4c4b30a586d5d,Breweries,119.0,"",120.0,22
2020-03-04,Alaska,4bf58dd8d48988d163941735,Parks,113.0,"",113.0,23
2020-03-04,Alaska,4bf58dd8d48988d116941735,Bars,99.0,"",100.0,24
2020-03-04,Alaska,52e816a6bcbc57f1066b7a54,Warehouse Stores,110.0,"",112.0,25
2020-03-04,Alaska,5032850891d4c4b30a586d62,Credit Unions,122.0,"",123.0,26
2020-03-04,Alaska,4bf58dd8d48988d10a951735,Banks,129.0,"",129.0,27
2020-03-04,Alaska,4bf58dd8d48988d1c1941735,Mexican Restaurants,109.0,"",108.0,28
2020-03-04,Alaska,4bf58dd8d48988d172941735,Post Offices,93.0,"",97.0,29
2020-03-04,Alaska,4bf58dd8d48988d1c5941735,Sandwich Places,117.0,"",118.0,30
2020-03-05,Alaska,4bf58dd8d48988d113951735,Gas Stations,104.0,107.0,104.0,1
2020-03-05,Alaska,4bf58dd8d48988d118951735,Grocery Stores,98.0,94.0,98.0,2
2020-03-05,Alaska,4bf58dd8d48988d1ed931735,Airports,107.0,86.0,107.0,3
2020-03-05,Alaska,4bf58dd8d48988d1fa931735,Hotels,108.0,"",109.0,4
2020-03-05,Alaska,4bf58dd8d48988d16e941735,Fast Food Restaurants,96.0,89.0,97.0,5
2020-03-05,Alaska,52f2ab2ebcbc57f1066b8b42,Big Box Stores,101.0,101.0,101.0,6
2020-03-05,Alaska,52f2ab2ebcbc57f1066b8b46,Supermarkets,97.0,85.0,98.0,7
2020-03-05,Alaska,4bf58dd8d48988d1e0931735,Coffee Shops,100.0,"",102.0,8
2020-03-05,Alaska,4bf58dd8d48988d196941735,Hospitals,97.0,"",98.0,9
2020-03-05,Alaska,4bf58dd8d48988d1fd941735,Shopping Malls,110.0,"",109.0,10
2020-03-05,Alaska,4bf58dd8d48988d124941735,Offices,115.0,"",116.0,11
2020-03-05,Alaska,4bf58dd8d48988d112951735,Hardware Stores,100.0,100.0,100.0,12
2020-03-05,Alaska,4bf58dd8d48988d14e941735,American Restaurants,120.0,"",120.0,13
2020-03-05,Alaska,4bf58dd8d48988d126941735,Government Buildings,100.0,"",100.0,14
2020-03-05,Alaska,4bf58dd8d48988d177941735,Doctor's Offices,102.0,"",103.0,15
2020-03-05,Alaska,4bf58dd8d48988d10f951735,Pharmacies,110.0,"",114.0,16
2020-03-05,Alaska,4e52adeebd41615f56317744,Military Bases,87.0,"",87.0,17
2020-03-05,Alaska,4f4533804b9074f6e4fb0105,Elementary Schools,93.0,"",93.0,18
2020-03-05,Alaska,4bf58dd8d48988d116941735,Bars,113.0,"",113.0,19
2020-03-05,Alaska,4bf58dd8d48988d124951735,Automotive Shops,104.0,"",106.0,20
2020-03-05,Alaska,4bf58dd8d48988d13d941735,High Schools,112.0,"",112.0,21
2020-03-05,Alaska,52e816a6bcbc57f1066b7a54,Warehouse Stores,120.0,"",121.0,22
2020-03-05,Alaska,50327c8591d4c4b30a586d5d,Breweries,115.0,"",115.0,23
2020-03-05,Alaska,4bf58dd8d48988d10a951735,Banks,126.0,"",127.0,24
2020-03-05,Alaska,4bf58dd8d48988d172941735,Post Offices,109.0,"",111.0,25
2020-03-05,Alaska,4bf58dd8d48988d176941735,Gyms,82.0,"",82.0,26
2020-03-05,Alaska,4bf58dd8d48988d163941735,Parks,93.0,"",93.0,27
2020-03-05,Alaska,4bf58dd8d48988d1c1941735,Mexican Restaurants,108.0,"",110.0,28
2020-03-06,Alaska,4bf58dd8d48988d113951735,Gas Stations,101.0,90.0,102.0,1
2020-03-06,Alaska,4bf58dd8d48988d118951735,Grocery Stores,102.0,91.0,102.0,2
2020-03-06,Alaska,4bf58dd8d48988d16e941735,Fast Food Restaurants,108.0,98.0,108.0,3
2020-03-06,Alaska,4bf58dd8d48988d1fa931735,Hotels,107.0,"",108.0,4
2020-03-06,Alaska,52f2ab2ebcbc57f1066b8b42,Big Box Stores,99.0,109.0,98.0,5
2020-03-06,Alaska,4bf58dd8d48988d1ed931735,Airports,94.0,"",94.0,6
2020-03-06,Alaska,52f2ab2ebcbc57f1066b8b46,Supermarkets,94.0,87.0,94.0,7
2020-03-06,Alaska,4bf58dd8d48988d1e0931735,Coffee Shops,99.0,77.0,100.0,8
2020-03-06,Alaska,4bf58dd8d48988d1fd941735,Shopping Malls,121.0,"",123.0,9
2020-03-06,Alaska,4bf58dd8d48988d10f951735,Pharmacies,110.0,"",112.0,10
2020-03-06,Alaska,4bf58dd8d48988d112951735,Hardware Stores,93.0,"",94.0,11
2020-03-06,Alaska,4bf58dd8d48988d196941735,Hospitals,96.0,"",98.0,12
2020-03-06,Alaska,4bf58dd8d48988d14e941735,American Restaurants,101.0,"",101.0,13
2020-03-06,Alaska,4bf58dd8d48988d177941735,Doctor's Offices,103.0,109.0,103.0,14
2020-03-06,Alaska,4bf58dd8d48988d124941735,Offices,108.0,"",108.0,15
2020-03-06,Alaska,4bf58dd8d48988d116941735,Bars,108.0,"",109.0,16
2020-03-06,Alaska,52e816a6bcbc57f1066b7a54,Warehouse Stores,109.0,"",111.0,17
2020-03-06,Alaska,4bf58dd8d48988d124951735,Automotive Shops,99.0,"",100.0,18
2020-03-06,Alaska,4e52adeebd41615f56317744,Military Bases,87.0,"",87.0,19
2020-03-06,Alaska,4f4533804b9074f6e4fb0105,Elementary Schools,85.0,"",84.0,20
2020-03-06,Alaska,50327c8591d4c4b30a586d5d,Breweries,101.0,"",101.0,21
2020-03-06,Alaska,4bf58dd8d48988d126941735,Government Buildings,94.0,"",95.0,22
2020-03-06,Alaska,4bf58dd8d48988d176941735,Gyms,104.0,"",105.0,23
2020-03-06,Alaska,4bf58dd8d48988d1ca941735,Pizza Places,126.0,"",124.0,24
2020-03-06,Alaska,4bf58dd8d48988d13d941735,High Schools,97.0,"",97.0,25
2020-03-06,Alaska,4bf58dd8d48988d163941735,Parks,93.0,"",94.0,26
2020-03-06,Alaska,4bf58dd8d48988d172941735,Post Offices,102.0,"",102.0,27
2020-03-06,Alaska,4bf58dd8d48988d1c1941735,Mexican Restaurants,113.0,"",112.0,28
2020-03-06,Alaska,4bf58dd8d48988d10a951735,Banks,112.0,"",114.0,29
2020-03-06,Alaska,5032850891d4c4b30a586d62,Credit Unions,89.0,"",89.0,30
2020-03-07,Alaska,4bf58dd8d48988d118951735,Grocery Stores,98.0,103.0,98.0,1
2020-03-07,Alaska,4bf58dd8d48988d113951735,Gas Stations,100.0,83.0,100.0,2
2020-03-07,Alaska,4bf58dd8d48988d1fa931735,Hotels,138.0,177.0,137.0,3
2020-03-07,Alaska,52f2ab2ebcbc57f1066b8b42,Big Box Stores,103.0,97.0,103.0,4
2020-03-07,Alaska,52f2ab2ebcbc57f1066b8b46,Supermarkets,100.0,96.0,100.0,5
2020-03-07,Alaska,4bf58dd8d48988d16e941735,Fast Food Restaurants,93.0,"",93.0,6
2020-03-07,Alaska,4bf58dd8d48988d1fd941735,Shopping Malls,121.0,"",122.0,7
2020-03-07,Alaska,4bf58dd8d48988d1e0931735,Coffee Shops,104.0,100.0,104.0,8
2020-03-07,Alaska,4bf58dd8d48988d116941735,Bars,134.0,"",134.0,9
2020-03-07,Alaska,4bf58dd8d48988d1ed931735,Airports,90.0,"",90.0,10
2020-03-07,Alaska,4bf58dd8d48988d112951735,Hardware Stores,115.0,"",116.0,11
2020-03-07,Alaska,4bf58dd8d48988d14e941735,American Restaurants,109.0,"",111.0,12
2020-03-07,Alaska,52e816a6bcbc57f1066b7a54,Warehouse Stores,106.0,114.0,106.0,13
2020-03-07,Alaska,4bf58dd8d48988d10f951735,Pharmacies,112.0,"",113.0,14
2020-03-07,Alaska,50327c8591d4c4b30a586d5d,Breweries,115.0,"",114.0,15
2020-03-07,Alaska,4bf58dd8d48988d1c1941735,Mexican Restaurants,150.0,"",149.0,16
2020-03-07,Alaska,4bf58dd8d48988d163941735,Parks,104.0,"",103.0,17
2020-03-07,Alaska,4bf58dd8d48988d1ca941735,Pizza Places,119.0,"",119.0,18
2020-03-07,Alaska,4bf58dd8d48988d124951735,Automotive Shops,107.0,"",106.0,19
2020-03-07,Alaska,4bf58dd8d48988d196941735,Hospitals,110.0,"",111.0,20
2020-03-07,Alaska,4bf58dd8d48988d176941735,Gyms,107.0,"",108.0,21
2020-03-07,Alaska,4bf58dd8d48988d10a951735,Banks,106.0,"",105.0,22
2020-03-07,Alaska,5032850891d4c4b30a586d62,Credit Unions,99.0,"",99.0,23
2020-03-07,Alaska,4bf58dd8d48988d1c5941735,Sandwich Places,114.0,"",115.0,24
2020-03-07,Alaska,4bf58dd8d48988d172941735,Post Offices,90.0,"",92.0,25
2020-03-08,Alaska,4bf58dd8d48988d118951735,Grocery Stores,97.0,99.0,97.0,1
2020-03-08,Alaska,4bf58dd8d48988d113951735,Gas Stations,97.0,110.0,96.0,2
2020-03-08,Alaska,52f2ab2ebcbc57f1066b8b42,Big Box Stores,111.0,"",111.0,3
2020-03-08,Alaska,4bf58dd8d48988d1fa931735,Hotels,114.0,147.0,113.0,4
2020-03-08,Alaska,4bf58dd8d48988d16e941735,Fast Food Restaurants,105.0,"",105.0,5
2020-03-08,Alaska,52f2ab2ebcbc57f1066b8b46,Supermarkets,86.0,90.0,86.0,6
2020-03-08,Alaska,4bf58dd8d48988d1fd941735,Shopping Malls,109.0,"",109.0,7
2020-03-08,Alaska,4bf58dd8d48988d1ed931735,Airports,107.0,"",107.0,8
2020-03-08,Alaska,4bf58dd8d48988d1e0931735,Coffee Shops,91.0,"",92.0,9
2020-03-08,Alaska,4bf58dd8d48988d14e941735,American Restaurants,120.0,"",120.0,10
2020-03-08,Alaska,4bf58dd8d48988d116941735,Bars,98.0,"",98.0,11
2020-03-08,Alaska,4bf58dd8d48988d10f951735,Pharmacies,105.0,"",106.0,12
2020-03-08,Alaska,52e816a6bcbc57f1066b7a54,Warehouse Stores,102.0,"",100.0,13
2020-03-08,Alaska,4bf58dd8d48988d112951735,Hardware Stores,101.0,"",102.0,14
2020-03-08,Alaska,4bf58dd8d48988d163941735,Parks,96.0,"",96.0,15
2020-03-08,Alaska,4bf58dd8d48988d1ca941735,Pizza Places,111.0,"",111.0,16
2020-03-08,Alaska,50327c8591d4c4b30a586d5d,Breweries,99.0,"",99.0,17
2020-03-08,Alaska,4bf58dd8d48988d124951735,Automotive Shops,117.0,"",116.0,18
2020-03-09,Alaska,4bf58dd8d48988d113951735,Gas Stations,102.0,104.0,102.0,1
2020-03-09,Alaska,4bf58dd8d48988d118951735,Grocery Stores,105.0,107.0,104.0,2
2020-03-09,Alaska,4bf58dd8d48988d16e941735,Fast Food Restaurants,101.0,"",101.0,3
2020-03-09,Alaska,4bf58dd8d48988d1ed931735,Airports,98.0,107.0,97.0,4
2020-03-09,Alaska,4bf58dd8d48988d1fa931735,Hotels,113.0,"",114.0,5
2020-03-09,Alaska,52f2ab2ebcbc57f1066b8b42,Big Box Stores,105.0,138.0,103.0,6
2020-03-09,Alaska,52f2ab2ebcbc57f1066b8b46,Supermarkets,84.0,"",85.0,7
2020-03-09,Alaska,4bf58dd8d48988d1fd941735,Shopping Malls,114.0,"",114.0,8
2020-03-09,Alaska,4bf58dd8d48988d1e0931735,Coffee Shops,85.0,"",85.0,9
2020-03-09,Alaska,4bf58dd8d48988d112951735,Hardware Stores,100.0,"",101.0,10
2020-03-09,Alaska,4bf58dd8d48988d14e941735,American Restaurants,114.0,"",114.0,11
2020-03-09,Alaska,4bf58dd8d48988d177941735,Doctor's Offices,113.0,"",115.0,12
2020-03-09,Alaska,4bf58dd8d48988d196941735,Hospitals,97.0,"",97.0,13
2020-03-09,Alaska,4bf58dd8d48988d10f951735,Pharmacies,103.0,"",103.0,14
2020-03-09,Alaska,4bf58dd8d48988d126941735,Government Buildings,119.0,"",120.0,15
2020-03-09,Alaska,4bf58dd8d48988d124951735,Automotive Shops,114.0,"",113.0,16
2020-03-09,Alaska,4e52adeebd41615f56317744,Military Bases,102.0,"",102.0,17
2020-03-09,Alaska,4bf58dd8d48988d124941735,Offices,99.0,"",98.0,18
2020-03-09,Alaska,50327c8591d4c4b30a586d5d,Breweries,125.0,"",125.0,19
2020-03-09,Alaska,4bf58dd8d48988d163941735,Parks,112.0,"",113.0,20
2020-03-09,Alaska,4bf58dd8d48988d116941735,Bars,104.0,"",105.0,21
2020-03-09,Alaska,4bf58dd8d48988d1ca941735,Pizza Places,113.0,"",115.0,22
2020-03-09,Alaska,4bf58dd8d48988d10a951735,Banks,142.0,"",143.0,23
2020-03-10,Alaska,4bf58dd8d48988d113951735,Gas Stations,96.0,89.0,96.0,1
2020-03-10,Alaska,4bf58dd8d48988d118951735,Grocery Stores,96.0,114.0,96.0,2
2020-03-10,Alaska,4bf58dd8d48988d16e941735,Fast Food Restaurants,108.0,113.0,108.0,3
2020-03-10,Alaska,52f2ab2ebcbc57f1066b8b46,Supermarkets,108.0,127.0,107.0,4
2020-03-10,Alaska,52f2ab2ebcbc57f1066b8b42,Big Box Stores,98.0,"",99.0,5
2020-03-10,Alaska,4bf58dd8d48988d1ed931735,Airports,81.0,107.0,80.0,6
2020-03-10,Alaska,4bf58dd8d48988d1fa931735,Hotels,88.0,"",88.0,7
2020-03-10,Alaska,4bf58dd8d48988d1e0931735,Coffee Shops,93.0,"",93.0,8
2020-03-10,Alaska,4bf58dd8d48988d177941735,Doctor's Offices,106.0,"",107.0,9
2020-03-10,Alaska,4bf58dd8d48988d1fd941735,Shopping Malls,111.0,"",112.0,10
2020-03-10,Alaska,4bf58dd8d48988d112951735,Hardware Stores,99.0,97.0,100.0,11
2020-03-10,Alaska,4bf58dd8d48988d10f951735,Pharmacies,119.0,"",120.0,12
2020-03-10,Alaska,4bf58dd8d48988d196941735,Hospitals,93.0,"",95.0,13
2020-03-10,Alaska,4bf58dd8d48988d124941735,Offices,95.0,"",95.0,14
2020-03-10,Alaska,4bf58dd8d48988d14e941735,American Restaurants,111.0,"",111.0,15
2020-03-10,Alaska,4bf58dd8d48988d126941735,Government Buildings,86.0,"",86.0,16
2020-03-10,Alaska,4bf58dd8d48988d124951735,Automotive Shops,103.0,"",104.0,17
2020-03-10,Alaska,4bf58dd8d48988d176941735,Gyms,97.0,"",96.0,18
2020-03-10,Alaska,4e52adeebd41615f56317744,Military Bases,83.0,"",83.0,19
2020-03-10,Alaska,4bf58dd8d48988d163941735,Parks,102.0,"",103.0,20
2020-03-10,Alaska,52e816a6bcbc57f1066b7a54,Warehouse Stores,116.0,"",118.0,21
2020-03-10,Alaska,50327c8591d4c4b30a586d5d,Breweries,101.0,"",102.0,22
2020-03-10,Alaska,5032850891d4c4b30a586d62,Credit Unions,107.0,"",106.0,23
2020-03-10,Alaska,4bf58dd8d48988d1ca941735,Pizza Places,116.0,"",116.0,24
2020-03-10,Alaska,4bf58dd8d48988d172941735,Post Offices,83.0,"",85.0,25
2020-03-10,Alaska,4bf58dd8d48988d116941735,Bars,82.0,"",83.0,26
2020-03-10,Alaska,4bf58dd8d48988d10a951735,Banks,106.0,"",106.0,27
2020-03-10,Alaska,4bf58dd8d48988d1c5941735,Sandwich Places,114.0,"",113.0,28
2020-03-11,Alaska,4bf58dd8d48988d113951735,Gas Stations,92.0,108.0,91.0,1
2020-03-11,Alaska,4bf58dd8d48988d118951735,Grocery Stores,93.0,73.0,94.0,2
2020-03-11,Alaska,52f2ab2ebcbc57f1066b8b42,Big Box Stores,118.0,117.0,118.0,3
2020-03-11,Alaska,4bf58dd8d48988d16e941735,Fast Food Restaurants,99.0,93.0,100.0,4
2020-03-11,Alaska,52f2ab2ebcbc57f1066b8b46,Supermarkets,108.0,84.0,110.0,5
2020-03-11,Alaska,4bf58dd8d48988d1ed931735,Airports,83.0,"",84.0,6
2020-03-11,Alaska,4bf58dd8d48988d1fa931735,Hotels,84.0,"",85.0,7
2020-03-11,Alaska,4bf58dd8d48988d1e0931735,Coffee Shops,90.0,91.0,90.0,8
2020-03-11,Alaska,4bf58dd8d48988d1fd941735,Shopping Malls,109.0,"",110.0,9
2020-03-11,Alaska,4bf58dd8d48988d196941735,Hospitals,96.0,"",96.0,10
2020-03-11,Alaska,4bf58dd8d48988d112951735,Hardware Stores,104.0,94.0,105.0,11
2020-03-11,Alaska,4bf58dd8d48988d10f951735,Pharmacies,115.0,"",116.0,12
2020-03-11,Alaska,4bf58dd8d48988d14e941735,American Restaurants,113.0,"",114.0,13
2020-03-11,Alaska,4bf58dd8d48988d177941735,Doctor's Offices,87.0,"",87.0,14
2020-03-11,Alaska,4bf58dd8d48988d124941735,Offices,93.0,"",94.0,15
2020-03-11,Alaska,4e52adeebd41615f56317744,Military Bases,86.0,"",86.0,16
2020-03-11,Alaska,4bf58dd8d48988d126941735,Government Buildings,91.0,"",91.0,17
2020-03-11,Alaska,4bf58dd8d48988d176941735,Gyms,98.0,"",99.0,18
2020-03-11,Alaska,4bf58dd8d48988d116941735,Bars,96.0,"",96.0,19
2020-03-11,Alaska,50327c8591d4c4b30a586d5d,Breweries,112.0,"",113.0,20
2020-03-11,Alaska,4bf58dd8d48988d124951735,Automotive Shops,81.0,"",82.0,21
2020-03-11,Alaska,5032850891d4c4b30a586d62,Credit Unions,114.0,"",115.0,22
2020-03-11,Alaska,4bf58dd8d48988d10a951735,Banks,124.0,"",123.0,23
2020-03-11,Alaska,52e816a6bcbc57f1066b7a54,Warehouse Stores,92.0,"",92.0,24
2020-03-11,Alaska,4bf58dd8d48988d163941735,Parks,90.0,"",91.0,25
2020-03-11,Alaska,4bf58dd8d48988d1c1941735,Mexican Restaurants,104.0,"",104.0,26
2020-03-11,Alaska,4bf58dd8d48988d172941735,Post Offices,89.0,"",89.0,27
2020-03-11,Alaska,4bf58dd8d48988d1c5941735,Sandwich Places,113.0,"",115.0,28
2020-03-12,Alaska,4bf58dd8d48988d113951735,Gas Stations,92.0,73.0,93.0,1
2020-03-12,Alaska,4bf58dd8d48988d118951735,Grocery Stores,94.0,91.0,94.0,2
2020-03-12,Alaska,4bf58dd8d48988d16e941735,Fast Food Restaurants,101.0,80.0,102.0,3
2020-03-12,Alaska,4bf58dd8d48988d1ed931735,Airports,97.0,91.0,97.0,4
2020-03-12,Alaska,52f2ab2ebcbc57f1066b8b42,Big Box Stores,101.0,89.0,102.0,5
2020-03-12,Alaska,52f2ab2ebcbc57f1066b8b46,Supermarkets,99.0,105.0,98.0,6
2020-03-12,Alaska,4bf58dd8d48988d1fa931735,Hotels,90.0,"",90.0,7
2020-03-12,Alaska,4bf58dd8d48988d1e0931735,Coffee Shops,96.0,"",97.0,8
2020-03-12,Alaska,4bf58dd8d48988d1fd941735,Shopping Malls,126.0,"",128.0,9
2020-03-12,Alaska,4bf58dd8d48988d112951735,Hardware Stores,104.0,99.0,104.0,10
2020-03-12,Alaska,4bf58dd8d48988d196941735,Hospitals,92.0,"",93.0,11
2020-03-12,Alaska,52e816a6bcbc57f1066b7a54,Warehouse Stores,150.0,215.0,145.0,12
2020-03-12,Alaska,4bf58dd8d48988d10f951735,Pharmacies,115.0,108.0,115.0,13
2020-03-12,Alaska,4bf58dd8d48988d14e941735,American Restaurants,111.0,"",110.0,14
2020-03-12,Alaska,4bf58dd8d48988d177941735,Doctor's Offices,91.0,"",91.0,15
2020-03-12,Alaska,4bf58dd8d48988d126941735,Government Buildings,89.0,"",88.0,16
2020-03-12,Alaska,4bf58dd8d48988d124951735,Automotive Shops,105.0,"",106.0,17
2020-03-12,Alaska,4e52adeebd41615f56317744,Military Bases,74.0,"",75.0,18
2020-03-12,Alaska,50327c8591d4c4b30a586d5d,Breweries,119.0,"",120.0,19
2020-03-12,Alaska,4bf58dd8d48988d124941735,Offices,85.0,"",86.0,20
2020-03-12,Alaska,4bf58dd8d48988d116941735,Bars,97.0,"",97.0,21
2020-03-12,Alaska,4bf58dd8d48988d163941735,Parks,99.0,"",100.0,22
2020-03-12,Alaska,4bf58dd8d48988d176941735,Gyms,79.0,"",78.0,23
2020-03-12,Alaska,4bf58dd8d48988d172941735,Post Offices,101.0,"",100.0,24
2020-03-12,Alaska,4bf58dd8d48988d1c5941735,Sandwich Places,115.0,"",115.0,25
2020-03-13,Alaska,4bf58dd8d48988d118951735,Grocery Stores,129.0,119.0,130.0,1
2020-03-13,Alaska,4bf58dd8d48988d113951735,Gas Stations,102.0,96.0,102.0,2
2020-03-13,Alaska,52f2ab2ebcbc57f1066b8b42,Big Box Stores,139.0,128.0,140.0,3
2020-03-13,Alaska,52f2ab2ebcbc57f1066b8b46,Supermarkets,126.0,117.0,127.0,4
2020-03-13,Alaska,4bf58dd8d48988d16e941735,Fast Food Restaurants,99.0,76.0,99.0,5
2020-03-13,Alaska,4bf58dd8d48988d1fa931735,Hotels,87.0,"",87.0,6
2020-03-13,Alaska,4bf58dd8d48988d1ed931735,Airports,86.0,"",87.0,7
2020-03-13,Alaska,4bf58dd8d48988d1e0931735,Coffee Shops,89.0,"",90.0,8
2020-03-13,Alaska,4bf58dd8d48988d10f951735,Pharmacies,145.0,113.0,147.0,9
2020-03-13,Alaska,4bf58dd8d48988d1fd941735,Shopping Malls,110.0,"",112.0,10
2020-03-13,Alaska,4bf58dd8d48988d112951735,Hardware Stores,114.0,95.0,115.0,11
2020-03-13,Alaska,52e816a6bcbc57f1066b7a54,Warehouse Stores,151.0,115.0,155.0,12
2020-03-13,Alaska,4bf58dd8d48988d14e941735,American Restaurants,120.0,"",120.0,13
2020-03-13,Alaska,4bf58dd8d48988d196941735,Hospitals,102.0,"",103.0,14
2020-03-13,Alaska,4bf58dd8d48988d124951735,Automotive Shops,103.0,"",104.0,15
2020-03-13,Alaska,4bf58dd8d48988d177941735,Doctor's Offices,88.0,"",89.0,16
2020-03-13,Alaska,4bf58dd8d48988d116941735,Bars,96.0,"",97.0,17
2020-03-13,Alaska,50327c8591d4c4b30a586d5d,Breweries,99.0,"",99.0,18
2020-03-13,Alaska,4bf58dd8d48988d126941735,Government Buildings,93.0,"",94.0,19
2020-03-13,Alaska,4e52adeebd41615f56317744,Military Bases,79.0,"",79.0,20
2020-03-13,Alaska,4bf58dd8d48988d172941735,Post Offices,103.0,"",103.0,21
2020-03-13,Alaska,4bf58dd8d48988d124941735,Offices,77.0,"",78.0,22
2020-03-13,Alaska,4bf58dd8d48988d163941735,Parks,83.0,"",84.0,23
2020-03-13,Alaska,4bf58dd8d48988d176941735,Gyms,83.0,"",84.0,24
2020-03-13,Alaska,5032850891d4c4b30a586d62,Credit Unions,86.0,"",86.0,25
2020-03-13,Alaska,4bf58dd8d48988d10a951735,Banks,97.0,"",100.0,26
2020-03-13,Alaska,4bf58dd8d48988d1c5941735,Sandwich Places,102.0,"",105.0,27
2020-03-14,Alaska,4bf58dd8d48988d118951735,Grocery Stores,116.0,111.0,117.0,1
2020-03-14,Alaska,4bf58dd8d48988d113951735,Gas Stations,92.0,91.0,92.0,2
2020-03-14,Alaska,52f2ab2ebcbc57f1066b8b46,Supermarkets,113.0,96.0,114.0,3
2020-03-14,Alaska,52f2ab2ebcbc57f1066b8b42,Big Box Stores,99.0,98.0,99.0,4
2020-03-14,Alaska,4bf58dd8d48988d16e941735,Fast Food Restaurants,88.0,"",88.0,5
2020-03-14,Alaska,4bf58dd8d48988d10f951735,Pharmacies,155.0,"",155.0,6
2020-03-14,Alaska,4bf58dd8d48988d1fa931735,Hotels,76.0,"",77.0,7
2020-03-14,Alaska,4bf58dd8d48988d112951735,Hardware Stores,125.0,119.0,126.0,8
2020-03-14,Alaska,4bf58dd8d48988d1e0931735,Coffee Shops,86.0,"",87.0,9
2020-03-14,Alaska,4bf58dd8d48988d1fd941735,Shopping Malls,87.0,"",88.0,10
2020-03-14,Alaska,4bf58dd8d48988d1ed931735,Airports,84.0,"",84.0,11
2020-03-14,Alaska,52e816a6bcbc57f1066b7a54,Warehouse Stores,114.0,"",115.0,12
2020-03-14,Alaska,4bf58dd8d48988d14e941735,American Restaurants,84.0,"",84.0,13
2020-03-14,Alaska,4bf58dd8d48988d116941735,Bars,80.0,"",80.0,14
2020-03-14,Alaska,4bf58dd8d48988d124951735,Automotive Shops,106.0,"",107.0,15
2020-03-14,Alaska,50327c8591d4c4b30a586d5d,Breweries,88.0,"",89.0,16
2020-03-14,Alaska,5032850891d4c4b30a586d62,Credit Unions,105.0,"",105.0,17
2020-03-14,Alaska,4bf58dd8d48988d163941735,Parks,75.0,"",75.0,18
2020-03-14,Alaska,4bf58dd8d48988d1ca941735,Pizza Places,81.0,"",80.0,19
2020-03-15,Alaska,4bf58dd8d48988d118951735,Grocery Stores,88.0,92.0,88.0,1
2020-03-15,Alaska,4bf58dd8d48988d113951735,Gas Stations,91.0,74.0,92.0,2
2020-03-15,Alaska,52f2ab2ebcbc57f1066b8b42,Big Box Stores,92.0,"",92.0,3
2020-03-15,Alaska,52f2ab2ebcbc57f1066b8b46,Supermarkets,94.0,"",95.0,4
2020-03-15,Alaska,4bf58dd8d48988d16e941735,Fast Food Restaurants,97.0,"",98.0,5
2020-03-15,Alaska,4bf58dd8d48988d1fa931735,Hotels,85.0,"",85.0,6
2020-03-15,Alaska,4bf58dd8d48988d1e0931735,Coffee Shops,90.0,"",90.0,7
2020-03-15,Alaska,4bf58dd8d48988d1ed931735,Airports,92.0,"",93.0,8
2020-03-15,Alaska,4bf58dd8d48988d1fd941735,Shopping Malls,78.0,"",78.0,9
2020-03-15,Alaska,4bf58dd8d48988d14e941735,American Restaurants,95.0,"",95.0,10
2020-03-15,Alaska,4bf58dd8d48988d10f951735,Pharmacies,99.0,"",100.0,11
2020-03-15,Alaska,4bf58dd8d48988d112951735,Hardware Stores,108.0,"",109.0,12
2020-03-15,Alaska,4bf58dd8d48988d116941735,Bars,85.0,"",84.0,13
2020-03-15,Alaska,50327c8591d4c4b30a586d5d,Breweries,98.0,"",99.0,14
2020-03-15,Alaska,52e816a6bcbc57f1066b7a54,Warehouse Stores,79.0,"",78.0,15
2020-03-15,Alaska,4bf58dd8d48988d163941735,Parks,81.0,"",81.0,16
2020-03-16,Alaska,4bf58dd8d48988d118951735,Grocery Stores,129.0,119.0,129.0,1
2020-03-16,Alaska,4bf58dd8d48988d113951735,Gas Stations,99.0,122.0,98.0,2
2020-03-16,Alaska,52f2ab2ebcbc57f1066b8b42,Big Box Stores,115.0,118.0,115.0,3
2020-03-16,Alaska,4bf58dd8d48988d16e941735,Fast Food Restaurants,98.0,"",99.0,4
2020-03-16,Alaska,52f2ab2ebcbc57f1066b8b46,Supermarkets,100.0,114.0,100.0,5
2020-03-16,Alaska,4bf58dd8d48988d1ed931735,Airports,80.0,"",80.0,6
2020-03-16,Alaska,4bf58dd8d48988d1e0931735,Coffee Shops,93.0,"",93.0,7
2020-03-16,Alaska,4bf58dd8d48988d1fd941735,Shopping Malls,110.0,"",110.0,8
2020-03-16,Alaska,4bf58dd8d48988d1fa931735,Hotels,72.0,"",73.0,9
2020-03-16,Alaska,4bf58dd8d48988d10f951735,Pharmacies,128.0,"",127.0,10
2020-03-16,Alaska,4bf58dd8d48988d112951735,Hardware Stores,94.0,96.0,93.0,11
2020-03-16,Alaska,4e52adeebd41615f56317744,Military Bases,119.0,"",121.0,12
2020-03-16,Alaska,4bf58dd8d48988d196941735,Hospitals,94.0,"",95.0,13
2020-03-16,Alaska,4bf58dd8d48988d177941735,Doctor's Offices,97.0,"",100.0,14
2020-03-16,Alaska,4bf58dd8d48988d126941735,Government Buildings,125.0,"",125.0,15
2020-03-16,Alaska,52e816a6bcbc57f1066b7a54,Warehouse Stores,135.0,129.0,135.0,16
2020-03-16,Alaska,4bf58dd8d48988d124951735,Automotive Shops,105.0,"",106.0,17
2020-03-16,Alaska,4bf58dd8d48988d14e941735,American Restaurants,85.0,"",86.0,18
2020-03-16,Alaska,4bf58dd8d48988d124941735,Offices,87.0,"",88.0,19
2020-03-16,Alaska,4bf58dd8d48988d172941735,Post Offices,129.0,"",127.0,20
2020-03-16,Alaska,4bf58dd8d48988d116941735,Bars,103.0,"",103.0,21
2020-03-16,Alaska,4bf58dd8d48988d163941735,Parks,101.0,"",102.0,22
2020-03-16,Alaska,50327c8591d4c4b30a586d5d,Breweries,102.0,"",103.0,23
2020-03-16,Alaska,4bf58dd8d48988d176941735,Gyms,104.0,"",105.0,24
2020-03-17,Alaska,4bf58dd8d48988d118951735,Grocery Stores,118.0,116.0,118.0,1
2020-03-17,Alaska,4bf58dd8d48988d113951735,Gas Stations,94.0,94.0,94.0,2
2020-03-17,Alaska,52f2ab2ebcbc57f1066b8b42,Big Box Stores,106.0,"",107.0,3
2020-03-17,Alaska,4bf58dd8d48988d1ed931735,Airports,82.0,"",83.0,4
2020-03-17,Alaska,52f2ab2ebcbc57f1066b8b46,Supermarkets,102.0,90.0,103.0,5
2020-03-17,Alaska,4bf58dd8d48988d16e941735,Fast Food Restaurants,79.0,"",79.0,6
2020-03-17,Alaska,4bf58dd8d48988d1fa931735,Hotels,69.0,"",69.0,7
2020-03-17,Alaska,4bf58dd8d48988d112951735,Hardware Stores,102.0,101.0,103.0,8
2020-03-17,Alaska,4bf58dd8d48988d1e0931735,Coffee Shops,76.0,"",75.0,9
2020-03-17,Alaska,4e52adeebd41615f56317744,Military Bases,108.0,"",109.0,10
2020-03-17,Alaska,4bf58dd8d48988d10f951735,Pharmacies,114.0,"",115.0,11
2020-03-17,Alaska,4bf58dd8d48988d196941735,Hospitals,84.0,"",85.0,12
2020-03-17,Alaska,4bf58dd8d48988d126941735,Government Buildings,86.0,"",87.0,13
2020-03-17,Alaska,4bf58dd8d48988d177941735,Doctor's Offices,77.0,"",78.0,14
2020-03-17,Alaska,52e816a6bcbc57f1066b7a54,Warehouse Stores,132.0,"",135.0,15
2020-03-17,Alaska,4bf58dd8d48988d124951735,Automotive Shops,89.0,"",89.0,16
2020-03-17,Alaska,4bf58dd8d48988d1fd941735,Shopping Malls,66.0,"",66.0,17
2020-03-17,Alaska,4bf58dd8d48988d124941735,Offices,71.0,"",71.0,18
2020-03-17,Alaska,4bf58dd8d48988d172941735,Post Offices,91.0,"",92.0,19
2020-03-17,Alaska,4bf58dd8d48988d14e941735,American Restaurants,80.0,"",81.0,20
2020-03-17,Alaska,4bf58dd8d48988d116941735,Bars,86.0,"",87.0,21
2020-03-17,Alaska,4bf58dd8d48988d163941735,Parks,89.0,"",89.0,22
2020-03-18,Alaska,4bf58dd8d48988d118951735,Grocery Stores,117.0,116.0,117.0,1
2020-03-18,Alaska,4bf58dd8d48988d113951735,Gas Stations,89.0,85.0,90.0,2
2020-03-18,Alaska,52f2ab2ebcbc57f1066b8b42,Big Box Stores,101.0,100.0,101.0,3
2020-03-18,Alaska,52f2ab2ebcbc57f1066b8b46,Supermarkets,100.0,80.0,101.0,4
2020-03-18,Alaska,4bf58dd8d48988d16e941735,Fast Food Restaurants,84.0,"",85.0,5
2020-03-18,Alaska,4bf58dd8d48988d1ed931735,Airports,73.0,"",73.0,6
2020-03-18,Alaska,4bf58dd8d48988d1e0931735,Coffee Shops,77.0,"",78.0,7
2020-03-18,Alaska,4bf58dd8d48988d1fa931735,Hotels,64.0,"",64.0,8
2020-03-18,Alaska,4bf58dd8d48988d10f951735,Pharmacies,108.0,"",109.0,9
2020-03-18,Alaska,4bf58dd8d48988d112951735,Hardware Stores,91.0,"",95.0,10
2020-03-18,Alaska,4bf58dd8d48988d196941735,Hospitals,75.0,"",76.0,11
2020-03-18,Alaska,4bf58dd8d48988d124951735,Automotive Shops,101.0,"",103.0,12
2020-03-18,Alaska,4bf58dd8d48988d177941735,Doctor's Offices,72.0,"",73.0,13
2020-03-18,Alaska,4e52adeebd41615f56317744,Military Bases,75.0,"",76.0,14
2020-03-18,Alaska,4bf58dd8d48988d163941735,Parks,105.0,"",106.0,15
2020-03-18,Alaska,52e816a6bcbc57f1066b7a54,Warehouse Stores,109.0,"",112.0,16
2020-03-18,Alaska,4bf58dd8d48988d126941735,Government Buildings,69.0,"",70.0,17
2020-03-18,Alaska,4bf58dd8d48988d116941735,Bars,84.0,"",84.0,18
2020-03-18,Alaska,4bf58dd8d48988d172941735,Post Offices,97.0,"",97.0,19
2020-03-18,Alaska,4bf58dd8d48988d1fd941735,Shopping Malls,62.0,"",62.0,20
2020-03-18,Alaska,4bf58dd8d48988d124941735,Offices,66.0,"",67.0,21
2020-03-18,Alaska,4bf58dd8d48988d14e941735,American Restaurants,67.0,"",68.0,22
2020-03-19,Alaska,4bf58dd8d48988d118951735,Grocery Stores,109.0,88.0,110.0,1
2020-03-19,Alaska,4bf58dd8d48988d113951735,Gas Stations,78.0,88.0,78.0,2
2020-03-19,Alaska,52f2ab2ebcbc57f1066b8b42,Big Box Stores,89.0,"",89.0,3
2020-03-19,Alaska,52f2ab2ebcbc57f1066b8b46,Supermarkets,86.0,84.0,86.0,4
2020-03-19,Alaska,4bf58dd8d48988d16e941735,Fast Food Restaurants,64.0,"",64.0,5
2020-03-19,Alaska,4bf58dd8d48988d1ed931735,Airports,66.0,"",66.0,6
2020-03-19,Alaska,4bf58dd8d48988d1fa931735,Hotels,64.0,"",64.0,7
2020-03-19,Alaska,4bf58dd8d48988d112951735,Hardware Stores,94.0,"",94.0,8
2020-03-19,Alaska,4bf58dd8d48988d1e0931735,Coffee Shops,70.0,"",71.0,9
2020-03-19,Alaska,4bf58dd8d48988d10f951735,Pharmacies,101.0,"",103.0,10
2020-03-19,Alaska,4e52adeebd41615f56317744,Military Bases,64.0,"",65.0,11
2020-03-19,Alaska,52e816a6bcbc57f1066b7a54,Warehouse Stores,96.0,"",97.0,12
2020-03-19,Alaska,4bf58dd8d48988d1fd941735,Shopping Malls,64.0,"",64.0,13
2020-03-19,Alaska,4bf58dd8d48988d177941735,Doctor's Offices,66.0,"",67.0,14
2020-03-19,Alaska,4bf58dd8d48988d196941735,Hospitals,54.0,"",54.0,15
2020-03-19,Alaska,4bf58dd8d48988d124951735,Automotive Shops,69.0,"",70.0,16
2020-03-19,Alaska,4bf58dd8d48988d163941735,Parks,82.0,"",83.0,17
2020-03-19,Alaska,4bf58dd8d48988d172941735,Post Offices,91.0,"",89.0,18
2020-03-20,Alaska,4bf58dd8d48988d118951735,Grocery Stores,98.0,84.0,99.0,1
2020-03-20,Alaska,4bf58dd8d48988d113951735,Gas Stations,80.0,61.0,81.0,2
2020-03-20,Alaska,52f2ab2ebcbc57f1066b8b42,Big Box Stores,91.0,"",92.0,3
2020-03-20,Alaska,52f2ab2ebcbc57f1066b8b46,Supermarkets,87.0,"",89.0,4
2020-03-20,Alaska,4bf58dd8d48988d16e941735,Fast Food Restaurants,72.0,"",73.0,5
2020-03-20,Alaska,4bf58dd8d48988d1e0931735,Coffee Shops,74.0,"",75.0,6
2020-03-20,Alaska,4bf58dd8d48988d112951735,Hardware Stores,96.0,90.0,97.0,7
2020-03-20,Alaska,4bf58dd8d48988d1ed931735,Airports,61.0,"",61.0,8
2020-03-20,Alaska,4bf58dd8d48988d10f951735,Pharmacies,107.0,"",109.0,9
2020-03-20,Alaska,4bf58dd8d48988d1fa931735,Hotels,56.0,"",57.0,10
2020-03-20,Alaska,52e816a6bcbc57f1066b7a54,Warehouse Stores,108.0,"",112.0,11
2020-03-20,Alaska,4bf58dd8d48988d124951735,Automotive Shops,83.0,"",84.0,12
2020-03-20,Alaska,4bf58dd8d48988d172941735,Post Offices,102.0,"",101.0,13
2020-03-20,Alaska,4bf58dd8d48988d1fd941735,Shopping Malls,55.0,"",56.0,14
2020-03-20,Alaska,4bf58dd8d48988d163941735,Parks,87.0,"",88.0,15
2020-03-20,Alaska,4bf58dd8d48988d124941735,Offices,78.0,"",78.0,16
2020-03-20,Alaska,4e52adeebd41615f56317744,Military Bases,68.0,"",68.0,17
2020-03-20,Alaska,4bf58dd8d48988d126941735,Government Buildings,77.0,"",78.0,18
2020-03-20,Alaska,4bf58dd8d48988d177941735,Doctor's Offices,58.0,"",58.0,19
2020-03-20,Alaska,4bf58dd8d48988d196941735,Hospitals,53.0,"",53.0,20
2020-03-21,Alaska,4bf58dd8d48988d118951735,Grocery Stores,100.0,73.0,101.0,1
2020-03-21,Alaska,4bf58dd8d48988d113951735,Gas Stations,80.0,63.0,81.0,2
2020-03-21,Alaska,52f2ab2ebcbc57f1066b8b42,Big Box Stores,82.0,"",82.0,3
2020-03-21,Alaska,52f2ab2ebcbc57f1066b8b46,Supermarkets,91.0,70.0,92.0,4
2020-03-21,Alaska,4bf58dd8d48988d16e941735,Fast Food Restaurants,66.0,"",66.0,5
2020-03-21,Alaska,4bf58dd8d48988d10f951735,Pharmacies,123.0,"",124.0,6
2020-03-21,Alaska,4bf58dd8d48988d112951735,Hardware Stores,94.0,"",95.0,7
2020-03-21,Alaska,4bf58dd8d48988d1e0931735,Coffee Shops,63.0,"",64.0,8
2020-03-21,Alaska,4bf58dd8d48988d1ed931735,Airports,56.0,"",56.0,9
2020-03-21,Alaska,52e816a6bcbc57f1066b7a54,Warehouse Stores,82.0,"",83.0,10
2020-03-21,Alaska,4bf58dd8d48988d1fa931735,Hotels,44.0,"",44.0,11
2020-03-21,Alaska,4bf58dd8d48988d1fd941735,Shopping Malls,50.0,"",51.0,12
2020-03-21,Alaska,4bf58dd8d48988d163941735,Parks,84.0,"",85.0,13
2020-03-22,Alaska,4bf58dd8d48988d118951735,Grocery Stores,81.0,61.0,81.0,1
2020-03-22,Alaska,4bf58dd8d48988d113951735,Gas Stations,68.0,"",68.0,2
2020-03-22,Alaska,52f2ab2ebcbc57f1066b8b46,Supermarkets,78.0,"",79.0,3
2020-03-22,Alaska,52f2ab2ebcbc57f1066b8b42,Big Box Stores,70.0,"",71.0,4
2020-03-22,Alaska,4bf58dd8d48988d16e941735,Fast Food Restaurants,58.0,"",58.0,5
2020-03-22,Alaska,4bf58dd8d48988d112951735,Hardware Stores,111.0,"",111.0,6
2020-03-22,Alaska,4bf58dd8d48988d10f951735,Pharmacies,96.0,"",97.0,7
2020-03-22,Alaska,4bf58dd8d48988d1e0931735,Coffee Shops,60.0,"",60.0,8
2020-03-22,Alaska,4bf58dd8d48988d1ed931735,Airports,56.0,"",57.0,9
2020-03-22,Alaska,4bf58dd8d48988d163941735,Parks,87.0,"",87.0,10
2020-03-22,Alaska,52e816a6bcbc57f1066b7a54,Warehouse Stores,74.0,"",74.0,11
2020-03-22,Alaska,4bf58dd8d48988d1fd941735,Shopping Malls,43.0,"",43.0,12
2020-03-22,Alaska,4bf58dd8d48988d1fa931735,Hotels,39.0,"",39.0,13
2020-03-23,Alaska,4bf58dd8d48988d118951735,Grocery Stores,92.0,74.0,92.0,1
2020-03-23,Alaska,4bf58dd8d48988d113951735,Gas Stations,76.0,63.0,76.0,2
2020-03-23,Alaska,52f2ab2ebcbc57f1066b8b46,Supermarkets,79.0,"",79.0,3
2020-03-23,Alaska,4bf58dd8d48988d16e941735,Fast Food Restaurants,72.0,"",71.0,4
2020-03-23,Alaska,52f2ab2ebcbc57f1066b8b42,Big Box Stores,72.0,"",71.0,5
2020-03-23,Alaska,4bf58dd8d48988d1ed931735,Airports,55.0,"",55.0,6
2020-03-23,Alaska,4bf58dd8d48988d112951735,Hardware Stores,77.0,"",78.0,7
2020-03-23,Alaska,4bf58dd8d48988d1e0931735,Coffee Shops,61.0,"",62.0,8
2020-03-23,Alaska,4bf58dd8d48988d1fa931735,Hotels,51.0,"",51.0,9
2020-03-23,Alaska,4bf58dd8d48988d163941735,Parks,108.0,"",109.0,10
2020-03-23,Alaska,4bf58dd8d48988d10f951735,Pharmacies,82.0,"",80.0,11
2020-03-23,Alaska,4bf58dd8d48988d124951735,Automotive Shops,88.0,"",89.0,12
2020-03-23,Alaska,4bf58dd8d48988d124941735,Offices,77.0,"",78.0,13
2020-03-24,Alaska,4bf58dd8d48988d113951735,Gas Stations,73.0,66.0,73.0,1
2020-03-24,Alaska,4bf58dd8d48988d118951735,Grocery Stores,81.0,85.0,81.0,2
2020-03-24,Alaska,52f2ab2ebcbc57f1066b8b42,Big Box Stores,77.0,"",78.0,3
2020-03-24,Alaska,52f2ab2ebcbc57f1066b8b46,Supermarkets,80.0,"",81.0,4
2020-03-24,Alaska,4bf58dd8d48988d16e941735,Fast Food Restaurants,62.0,"",62.0,5
2020-03-24,Alaska,4bf58dd8d48988d1ed931735,Airports,52.0,"",52.0,6
2020-03-24,Alaska,4bf58dd8d48988d10f951735,Pharmacies,100.0,"",102.0,7
2020-03-24,Alaska,4bf58dd8d48988d112951735,Hardware Stores,71.0,"",71.0,8
2020-03-24,Alaska,4bf58dd8d48988d124951735,Automotive Shops,90.0,"",90.0,9
2020-03-24,Alaska,4bf58dd8d48988d1e0931735,Coffee Shops,52.0,"",52.0,10
2020-03-24,Alaska,4bf58dd8d48988d1fa931735,Hotels,42.0,"",42.0,11
2020-03-24,Alaska,52e816a6bcbc57f1066b7a54,Warehouse Stores,103.0,"",105.0,12
2020-03-25,Alaska,4bf58dd8d48988d113951735,Gas Stations,73.0,73.0,73.0,1
2020-03-25,Alaska,4bf58dd8d48988d118951735,Grocery Stores,74.0,62.0,74.0,2
2020-03-25,Alaska,52f2ab2ebcbc57f1066b8b42,Big Box Stores,77.0,"",78.0,3
2020-03-25,Alaska,52f2ab2ebcbc57f1066b8b46,Supermarkets,78.0,"",79.0,4
2020-03-25,Alaska,4bf58dd8d48988d16e941735,Fast Food Restaurants,65.0,"",65.0,5
2020-03-25,Alaska,4bf58dd8d48988d112951735,Hardware Stores,87.0,"",89.0,6
2020-03-25,Alaska,4bf58dd8d48988d1ed931735,Airports,48.0,"",49.0,7
2020-03-25,Alaska,4bf58dd8d48988d1fa931735,Hotels,46.0,"",47.0,8
2020-03-25,Alaska,4bf58dd8d48988d10f951735,Pharmacies,86.0,"",88.0,9
2020-03-25,Alaska,4bf58dd8d48988d1e0931735,Coffee Shops,51.0,"",51.0,10
2020-03-25,Alaska,4bf58dd8d48988d163941735,Parks,87.0,"",88.0,11
2020-03-25,Alaska,4bf58dd8d48988d124941735,Offices,59.0,"",59.0,12
2020-03-25,Alaska,4bf58dd8d48988d124951735,Automotive Shops,68.0,"",70.0,13
2020-03-26,Alaska,4bf58dd8d48988d113951735,Gas Stations,68.0,70.0,68.0,1
2020-03-26,Alaska,4bf58dd8d48988d118951735,Grocery Stores,76.0,81.0,76.0,2
2020-03-26,Alaska,52f2ab2ebcbc57f1066b8b42,Big Box Stores,79.0,"",79.0,3
2020-03-26,Alaska,52f2ab2ebcbc57f1066b8b46,Supermarkets,77.0,"",77.0,4
2020-03-26,Alaska,4bf58dd8d48988d16e941735,Fast Food Restaurants,58.0,"",58.0,5
2020-03-26,Alaska,4bf58dd8d48988d1ed931735,Airports,51.0,"",51.0,6
2020-03-26,Alaska,4bf58dd8d48988d112951735,Hardware Stores,83.0,"",83.0,7
2020-03-26,Alaska,4bf58dd8d48988d1e0931735,Coffee Shops,55.0,"",56.0,8
2020-03-26,Alaska,4bf58dd8d48988d1fa931735,Hotels,43.0,"",42.0,9
2020-03-26,Alaska,4bf58dd8d48988d10f951735,Pharmacies,78.0,"",80.0,10
2020-03-26,Alaska,4bf58dd8d48988d163941735,Parks,89.0,"",90.0,11
2020-03-26,Alaska,4bf58dd8d48988d124951735,Automotive Shops,73.0,"",73.0,12
2020-03-26,Alaska,4bf58dd8d48988d124941735,Offices,61.0,"",64.0,13
2020-03-27,Alaska,4bf58dd8d48988d113951735,Gas Stations,73.0,47.0,74.0,1
2020-03-27,Alaska,4bf58dd8d48988d118951735,Grocery Stores,73.0,69.0,73.0,2
2020-03-27,Alaska,52f2ab2ebcbc57f1066b8b42,Big Box Stores,71.0,"",72.0,3
2020-03-27,Alaska,52f2ab2ebcbc57f1066b8b46,Supermarkets,75.0,"",76.0,4
2020-03-27,Alaska,4bf58dd8d48988d16e941735,Fast Food Restaurants,56.0,"",56.0,5
2020-03-27,Alaska,4bf58dd8d48988d112951735,Hardware Stores,83.0,"",85.0,6
2020-03-27,Alaska,4bf58dd8d48988d1ed931735,Airports,54.0,"",54.0,7
2020-03-27,Alaska,4bf58dd8d48988d1e0931735,Coffee Shops,55.0,"",56.0,8
2020-03-27,Alaska,4bf58dd8d48988d1fa931735,Hotels,48.0,"",48.0,9
2020-03-27,Alaska,4bf58dd8d48988d10f951735,Pharmacies,83.0,"",84.0,10
2020-03-27,Alaska,4bf58dd8d48988d163941735,Parks,77.0,"",76.0,11
2020-03-27,Alaska,4bf58dd8d48988d124941735,Offices,67.0,"",68.0,12
2020-03-27,Alaska,4bf58dd8d48988d172941735,Post Offices,85.0,"",84.0,13
2020-03-28,Alaska,4bf58dd8d48988d118951735,Grocery Stores,74.0,64.0,75.0,1
2020-03-28,Alaska,4bf58dd8d48988d113951735,Gas Stations,64.0,"",64.0,2
2020-03-28,Alaska,52f2ab2ebcbc57f1066b8b46,Supermarkets,79.0,"",79.0,3
2020-03-28,Alaska,52f2ab2ebcbc57f1066b8b42,Big Box Stores,69.0,"",69.0,4
2020-03-28,Alaska,4bf58dd8d48988d16e941735,Fast Food Restaurants,58.0,"",59.0,5
2020-03-28,Alaska,4bf58dd8d48988d10f951735,Pharmacies,92.0,"",93.0,6
2020-03-28,Alaska,4bf58dd8d48988d112951735,Hardware Stores,73.0,"",75.0,7
2020-03-28,Alaska,4bf58dd8d48988d1e0931735,Coffee Shops,44.0,"",45.0,8
2020-03-28,Alaska,52e816a6bcbc57f1066b7a54,Warehouse Stores,61.0,"",61.0,9
2020-03-28,Alaska,4bf58dd8d48988d163941735,Parks,71.0,"",71.0,10
2020-03-28,Alaska,4bf58dd8d48988d1fa931735,Hotels,33.0,"",33.0,11
2020-03-29,Alaska,4bf58dd8d48988d118951735,Grocery Stores,48.0,"",49.0,1
2020-03-29,Alaska,4bf58dd8d48988d113951735,Gas Stations,48.0,"",48.0,2
2020-03-29,Alaska,52f2ab2ebcbc57f1066b8b46,Supermarkets,56.0,"",57.0,3
2020-03-29,Alaska,52f2ab2ebcbc57f1066b8b42,Big Box Stores,45.0,"",45.0,4
2020-03-29,Alaska,4bf58dd8d48988d16e941735,Fast Food Restaurants,47.0,"",47.0,5
2020-03-29,Alaska,4bf58dd8d48988d1e0931735,Coffee Shops,44.0,"",45.0,6
2020-03-29,Alaska,4bf58dd8d48988d10f951735,Pharmacies,64.0,"",65.0,7
2020-03-30,Alaska,4bf58dd8d48988d118951735,Grocery Stores,68.0,71.0,68.0,1
2020-03-30,Alaska,4bf58dd8d48988d113951735,Gas Stations,63.0,"",64.0,2
2020-03-30,Alaska,52f2ab2ebcbc57f1066b8b46,Supermarkets,69.0,"",69.0,3
2020-03-30,Alaska,4bf58dd8d48988d16e941735,Fast Food Restaurants,53.0,"",53.0,4
2020-03-30,Alaska,52f2ab2ebcbc57f1066b8b42,Big Box Stores,53.0,"",53.0,5
2020-03-30,Alaska,4bf58dd8d48988d112951735,Hardware Stores,63.0,"",64.0,6
2020-03-30,Alaska,4bf58dd8d48988d1ed931735,Airports,34.0,"",34.0,7
2020-03-30,Alaska,4bf58dd8d48988d10f951735,Pharmacies,74.0,"",74.0,8
2020-03-31,Alaska,4bf58dd8d48988d113951735,Gas Stations,58.0,"",59.0,1
2020-03-31,Alaska,4bf58dd8d48988d118951735,Grocery Stores,64.0,72.0,63.0,2
2020-03-31,Alaska,4bf58dd8d48988d16e941735,Fast Food Restaurants,69.0,"",70.0,3
2020-03-31,Alaska,52f2ab2ebcbc57f1066b8b42,Big Box Stores,71.0,"",72.0,4
2020-03-31,Alaska,52f2ab2ebcbc57f1066b8b46,Supermarkets,73.0,"",73.0,5
2020-03-31,Alaska,4bf58dd8d48988d112951735,Hardware Stores,83.0,"",83.0,6
2020-03-31,Alaska,4bf58dd8d48988d10f951735,Pharmacies,86.0,"",87.0,7
2020-03-31,Alaska,4bf58dd8d48988d1e0931735,Coffee Shops,51.0,"",51.0,8
2020-03-31,Alaska,4bf58dd8d48988d1ed931735,Airports,35.0,"",35.0,9
2020-03-31,Alaska,4bf58dd8d48988d172941735,Post Offices,82.0,"",85.0,10
2020-04-01,Alaska,4bf58dd8d48988d113951735,Gas Stations,66.0,76.0,65.0,1
2020-04-01,Alaska,4bf58dd8d48988d118951735,Grocery Stores,69.0,56.0,69.0,2
2020-04-01,Alaska,52f2ab2ebcbc57f1066b8b42,Big Box Stores,76.0,"",77.0,3
2020-04-01,Alaska,4bf58dd8d48988d16e941735,Fast Food Restaurants,64.0,"",65.0,4
2020-04-01,Alaska,52f2ab2ebcbc57f1066b8b46,Supermarkets,65.0,"",66.0,5
2020-04-01,Alaska,4bf58dd8d48988d112951735,Hardware Stores,78.0,"",80.0,6
2020-04-01,Alaska,4bf58dd8d48988d1ed931735,Airports,39.0,"",40.0,7
2020-04-01,Alaska,4bf58dd8d48988d1e0931735,Coffee Shops,42.0,"",43.0,8
2020-04-01,Alaska,4bf58dd8d48988d124941735,Offices,57.0,"",58.0,9
2020-04-02,Alaska,4bf58dd8d48988d118951735,Grocery Stores,74.0,73.0,74.0,1
2020-04-02,Alaska,4bf58dd8d48988d113951735,Gas Stations,59.0,"",59.0,2
2020-04-02,Alaska,52f2ab2ebcbc57f1066b8b42,Big Box Stores,68.0,"",68.0,3
2020-04-02,Alaska,52f2ab2ebcbc57f1066b8b46,Supermarkets,72.0,"",73.0,4
2020-04-02,Alaska,4bf58dd8d48988d16e941735,Fast Food Restaurants,57.0,"",58.0,5
2020-04-02,Alaska,4bf58dd8d48988d112951735,Hardware Stores,83.0,"",84.0,6
2020-04-02,Alaska,4bf58dd8d48988d1e0931735,Coffee Shops,48.0,"",48.0,7
2020-04-02,Alaska,4bf58dd8d48988d10f951735,Pharmacies,74.0,"",76.0,8
2020-04-02,Alaska,4bf58dd8d48988d1ed931735,Airports,37.0,"",38.0,9
2020-04-02,Alaska,4bf58dd8d48988d1fa931735,Hotels,34.0,"",34.0,10
2020-04-02,Alaska,52e816a6bcbc57f1066b7a54,Warehouse Stores,81.0,"",82.0,11
